name: Coastal
channels:
  - conda-forge
  - defaults
dependencies:
  - blas=1.0=mkl
  - blosc=1.21.3=h6c2663c_0
  - boost-cpp=1.82.0=h59b6b97_2
  - bzip2=1.0.8=h2bbff1b_6
  - ca-certificates=2024.3.11=haa95532_0
  - cairo=1.16.0=haedb8bc_5
  - cfitsio=3.470=h2bbff1b_7
  - expat=2.6.2=hd77b12b_0
  - fontconfig=2.14.1=h9c4af85_2
  - freetype=2.12.1=ha860e81_0
  - freexl=2.0.0=hd7a5696_0
  - gdal=3.6.2=py311h4e7b5b2_4
  - geos=3.8.0=h33f27b4_0
  - geotiff=1.7.0=h4545760_3
  - glib=2.78.4=hd77b12b_0
  - glib-tools=2.78.4=hd77b12b_0
  - hdf4=4.2.13=h712560f_2
  - hdf5=1.12.1=h51c971a_3
  - icc_rt=2022.1.0=h6049295_2
  - intel-openmp=2023.1.0=h59b6b97_46320
  - jpeg=9e=h2bbff1b_1
  - kealib=1.5.0=hde4a422_1
  - krb5=1.20.1=h5b6d351_0
  - lcms2=2.12=h83e58a3_0
  - lerc=3.0=hd77b12b_0
  - libboost=1.82.0=h3399ecb_2
  - libcurl=8.5.0=h86230a5_0
  - libdeflate=1.17=h2bbff1b_1
  - libffi=3.4.4=hd77b12b_1
  - libgdal=3.6.2=h9a21643_4
  - libglib=2.78.4=ha17d25a_0
  - libiconv=1.16=h2bbff1b_3
  - libkml=1.3.0=h63940dd_7
  - libnetcdf=4.8.1=h6685c40_4
  - libpng=1.6.39=h8cc25b3_0
  - libpq=12.17=h906ac69_0
  - libspatialite=5.1.0=hbdd3232_0
  - libssh2=1.10.0=he2ea4bf_3
  - libtiff=4.5.1=hd77b12b_0
  - libwebp-base=1.3.2=h2bbff1b_0
  - libxml2=2.10.4=h0ad7f3c_2
  - libzip=1.8.0=h289538f_1
  - lz4-c=1.9.4=h2bbff1b_1
  - miktex=23.5=hcfcfb64_0
  - minizip=4.0.3=hb68bac4_0
  - mkl=2023.1.0=h6b88ed4_46358
  - mkl-service=2.4.0=py311h2bbff1b_1
  - mkl_fft=1.3.8=py311h2bbff1b_0
  - mkl_random=1.2.4=py311h59b6b97_0
  - numpy=1.26.4=py311hdab7c0b_0
  - numpy-base=1.26.4=py311hd01c5d8_0
  - openjpeg=2.4.0=h4fc8c34_0
  - openssl=3.0.13=h2bbff1b_1
  - pcre2=10.42=h0ff8eda_1
  - pip=23.3.1=py311haa95532_0
  - pixman=0.40.0=h2bbff1b_1
  - poppler=22.12.0=h0bf3bde_3
  - poppler-data=0.4.11=haa95532_1
  - proj=9.3.1=ha107b6e_0
  - python=3.11.9=he1021f5_0
  - qhull=2020.2=h59b6b97_2
  - setuptools=68.2.2=py311haa95532_0
  - sqlite=3.45.3=h2bbff1b_0
  - symlink-exe-runtime=1.0=hcfcfb64_0
  - tbb=2021.8.0=h59b6b97_0
  - tiledb=2.3.3=hd8964de_3
  - tk=8.6.12=h2bbff1b_0
  - tzdata=2024a=h04d1e81_0
  - ucrt=10.0.20348.0=haa95532_0
  - uriparser=0.9.7=h2bbff1b_0
  - vc=14.2=h21ff451_1
  - vc14_runtime=14.38.33130=h82b7239_18
  - vs2015_runtime=14.38.33130=hcb4865c_18
  - wheel=0.43.0=py311haa95532_0
  - xerces-c=3.2.4=hd77b12b_1
  - xz=5.4.6=h8cc25b3_1
  - zlib=1.2.13=h8cc25b3_1
  - zstd=1.5.5=hd43e919_2
prefix: U:\envs\Coastal
